img 0 , gnumloc 1 , npeaks 2, pixdev 3, intensity 4, dxymicrons 5:7, matstarlab 7:16, strain6_crystal 16:22, euler 22:25, rgb_x_sample, rgb_y_sample, rgb_z_sample, rgb_x_lab, rgb_y_lab, rgb_z_lab, strain6_crystal,  strain6_sample, stress6_crystal, stress6_sample, res_shear_stress_12, max_rss, von_mises
img gnumloc npeaks pixdev intensity dxymicrons_0 dxymicrons_1 matstarlab_0 matstarlab_1 matstarlab_2 matstarlab_3 matstarlab_4 matstarlab_5 matstarlab_6 matstarlab_7 matstarlab_8 strain6_crystal_0 strain6_crystal_1 strain6_crystal_2 strain6_crystal_3 strain6_crystal_4 strain6_crystal_5 euler3_0 euler3_1 euler3_2 rgb_x_sample_0 rgb_x_sample_1 rgb_x_sample_2 rgb_y_sample_0 rgb_y_sample_1 rgb_y_sample_2 rgb_z_sample_0 rgb_z_sample_1 rgb_z_sample_2 rgb_x_lab_0 rgb_x_lab_1 rgb_x_lab_2 rgb_y_lab_0 rgb_y_lab_1 rgb_y_lab_2 rgb_z_lab_0 rgb_z_lab_1 rgb_z_lab_2 strain6_crystal_0 strain6_crystal_1 strain6_crystal_2 strain6_crystal_3 strain6_crystal_4 strain6_crystal_5 strain6_sample_0 strain6_sample_1 strain6_sample_2 strain6_sample_3 strain6_sample_4 strain6_sample_5 stress6_crystal_0 stress6_crystal_1 stress6_crystal_2 stress6_crystal_3 stress6_crystal_4 stress6_crystal_5 stress6_sample_0 stress6_sample_1 stress6_sample_2 stress6_sample_3 stress6_sample_4 stress6_sample_5 res_shear_stress_0 res_shear_stress_1 res_shear_stress_2 res_shear_stress_3 res_shear_stress_4 res_shear_stress_5 res_shear_stress_6 res_shear_stress_7 res_shear_stress_8 res_shear_stress_9 res_shear_stress_10 res_shear_stress_11 max_rss von_mises 
0.000000 0.000000 119.000000 0.480000 37490.716000 0.000000 0.000000 0.194982 -0.833071 0.517662 0.689417 -0.257349 -0.674609 0.697995 0.488037 0.525233 -0.356576 1.336688 -0.980112 -0.643838 -0.709361 0.204679 0.000000 0.000000 0.000000 0.007158 1.000000 0.479072 0.146614 0.871263 1.000000 1.000000 0.645784 0.262035 0.007158 1.000000 0.479072 0.768323 0.723759 1.000000 0.170583 0.012760 1.000000 -0.356172 1.336662 -0.980489 -0.643725 -0.709456 0.204378 -0.611641 0.973946 -0.362305 -0.014158 -0.686844 -1.094530 -0.362227 1.359385 -0.997158 -1.023651 -1.128177 0.325003 -1.055899 1.545344 -0.489446 -0.216136 -0.834491 -1.139573 -0.745518 0.175635 -1.581325 -0.660173 -0.809795 0.026013 -0.544431 0.291376 1.555312 1.289949 0.634160 0.368797 1.581325 3.426222
1.000000 0.000000 100.000000 4.030000 9871.178000 1.000000 0.000000 -0.192746 0.835091 -0.515240 -0.697230 -0.485908 -0.534724 -0.688366 0.258551 0.677211 1.233639 -2.803970 1.570330 3.889406 0.150530 -2.043830 0.000000 0.000000 0.000000 0.002570 1.000000 0.460078 0.144806 0.829833 1.000000 1.000000 0.639348 0.269053 0.002570 1.000000 0.460078 0.800198 0.729974 1.000000 0.169244 0.016277 1.000000 1.233367 -2.803012 1.569644 3.888704 0.150554 -2.043185 2.659748 -3.183833 0.524085 -2.756481 -2.336517 -1.854687 1.254335 -2.850663 1.596328 6.183817 0.239412 -3.249073 4.564127 -4.687093 0.122965 -4.272173 -3.516278 -1.718737 -0.750935 -0.946414 4.298130 4.102652 3.990580 -1.058486 1.337722 -3.711343 -3.239645 -0.586787 -3.044166 -0.391309 4.298130 12.842586
2.000000 0.000000 111.000000 1.060000 19433.017000 2.000000 0.000000 -0.195123 0.833432 -0.517028 -0.697381 -0.488368 -0.525544 -0.689974 0.256684 0.675450 -0.129660 -0.649965 0.779626 -0.420206 0.334997 -0.387251 0.000000 0.000000 0.000000 0.007348 1.000000 0.481878 0.148904 0.865933 1.000000 1.000000 0.645766 0.263733 0.007348 1.000000 0.481878 0.772261 0.729449 1.000000 0.169579 0.014232 1.000000 -0.129669 -0.649545 0.779215 -0.420451 0.334987 -0.387137 -0.367721 0.646303 -0.278582 -0.108213 -0.241553 -0.759273 -0.131874 -0.660588 0.792461 -0.668602 0.532696 -0.615626 -0.614357 1.045501 -0.431144 -0.269242 -0.238748 -0.832455 0.706274 0.271330 0.160363 -0.274581 0.355731 0.901642 -0.146925 0.398985 -1.062005 -0.559349 -0.627061 -0.124404 1.062005 2.225310
3.000000 0.000000 107.000000 1.860000 11837.499000 3.000000 0.000000 -0.193199 0.834238 -0.516451 -0.697541 -0.487417 -0.529649 -0.689833 0.257072 0.676276 0.660142 -1.665092 1.004949 1.149963 0.763244 -0.834589 0.000000 0.000000 0.000000 0.004751 1.000000 0.473800 0.146894 0.849245 1.000000 1.000000 0.638608 0.267799 0.004751 1.000000 0.473800 0.783876 0.724959 1.000000 0.168276 0.016256 1.000000 0.659825 -1.665123 1.005297 1.149806 0.763178 -0.834446 0.778701 -0.744279 -0.034422 -1.323197 -0.561205 -1.436506 0.671042 -1.693430 1.022387 1.828422 1.213606 -1.326936 1.414140 -0.967657 -0.446483 -2.061736 -0.759236 -1.537342 0.714294 -0.276611 2.207195 1.216289 1.431605 -0.061295 0.348167 -1.144734 -2.145900 -1.062461 -1.154994 -0.071556 2.207195 5.125924
4.000000 0.000000 109.000000 1.380000 12912.749000 4.000000 0.000000 -0.193417 0.833968 -0.516805 -0.697079 -0.487294 -0.528546 -0.690424 0.256861 0.675362 0.252029 -1.114470 0.862441 0.423266 0.638602 -0.794666 0.000000 0.000000 0.000000 0.004746 1.000000 0.474251 0.148918 0.854184 1.000000 1.000000 0.638349 0.267699 0.004746 1.000000 0.474251 0.779261 0.725971 1.000000 0.167420 0.016819 1.000000 0.252117 -1.114445 0.862328 0.423257 0.638541 -0.794557 0.244011 0.020936 -0.264947 -0.893613 -0.474927 -1.074055 0.256403 -1.133391 0.876987 0.673064 1.015408 -1.263504 0.456804 0.145961 -0.602765 -1.447996 -0.620266 -1.167112 0.707142 -0.121935 1.256697 0.427620 1.043953 0.494399 0.012306 -0.537248 -1.751096 -0.719449 -0.922018 0.109629 1.751096 3.524297
5.000000 0.000000 110.000000 1.000000 11575.209000 5.000000 0.000000 -0.193545 0.833735 -0.517133 -0.696683 -0.486916 -0.528274 -0.691049 0.256657 0.674425 -0.032732 -0.798291 0.831023 -0.095516 0.518391 -1.032944 0.000000 0.000000 0.000000 0.003931 1.000000 0.472801 0.150830 0.855876 1.000000 1.000000 0.637711 0.267786 0.003931 1.000000 0.472801 0.776477 0.727358 1.000000 0.166510 0.017724 1.000000 -0.032571 -0.798127 0.830698 -0.095341 0.518304 -1.032780 -0.221235 0.663438 -0.442204 -0.733094 -0.630809 -0.854844 -0.033125 -0.811695 0.844820 -0.151611 0.824206 -1.642327 -0.357269 1.099402 -0.742133 -1.246951 -0.854647 -0.926024 0.716226 0.043264 0.592436 -0.080526 0.967001 1.090791 -0.373953 -0.250163 -1.683227 -0.342273 -1.010266 0.330689 1.683227 3.501302
6.000000 0.000000 103.000000 1.140000 8702.500000 6.000000 0.000000 -0.193443 0.833757 -0.517135 -0.696584 -0.487296 -0.528585 -0.691103 0.256805 0.674437 0.088210 -0.956605 0.868395 0.113191 0.486964 -0.904521 0.000000 0.000000 0.000000 0.003410 1.000000 0.472711 0.151025 0.856197 1.000000 1.000000 0.637116 0.267807 0.003410 1.000000 0.472711 0.777143 0.727576 1.000000 0.166279 0.017222 1.000000 0.088403 -0.956661 0.868258 0.113078 0.487044 -0.904327 -0.048779 0.353342 -0.304563 -0.737725 -0.598439 -0.945456 0.089906 -0.972925 0.883018 0.179817 0.774497 -1.438060 -0.051887 0.637199 -0.585312 -1.233292 -0.804698 -1.011528 0.676676 0.044302 0.823496 0.191122 0.984282 0.837463 -0.189889 -0.336709 -1.660958 -0.486787 -1.028584 0.145587 1.660958 3.271417
7.000000 0.000000 94.000000 1.090000 6516.142000 7.000000 0.000000 -0.193483 0.833450 -0.517615 -0.696801 -0.487142 -0.529175 -0.691120 0.256751 0.674469 0.225533 -1.208860 0.983327 0.206673 0.703713 -1.355786 0.000000 0.000000 0.000000 0.002602 1.000000 0.471538 0.150684 0.854046 1.000000 1.000000 0.636900 0.266386 0.002602 1.000000 0.471538 0.776679 0.726895 1.000000 0.166477 0.017039 1.000000 0.225404 -1.208749 0.983346 0.206629 0.703602 -1.355608 -0.083959 0.483743 -0.399783 -1.187083 -0.811129 -1.160738 0.229236 -1.229298 1.000062 0.328582 1.118867 -2.155688 -0.072224 0.884010 -0.811786 -1.930294 -1.131489 -1.248839 0.918077 0.004525 1.186363 0.272811 1.328888 1.060602 -0.431224 -0.699510 -2.246964 -0.486852 -1.333413 0.426699 2.246964 4.676134
8.000000 0.000000 93.000000 0.710000 6845.992000 8.000000 0.000000 -0.193561 0.833247 -0.517913 -0.696245 -0.487677 -0.528058 -0.691542 0.257353 0.673228 -0.145003 -0.861602 1.006605 -0.237425 0.190936 -0.948202 0.000000 0.000000 0.000000 0.002368 1.000000 0.471185 0.152481 0.863886 1.000000 1.000000 0.636209 0.266140 0.002368 1.000000 0.471185 0.771870 0.727079 1.000000 0.165601 0.015782 1.000000 -0.145134 -0.861579 1.006713 -0.237422 0.190567 -0.948026 -0.371144 0.651033 -0.279889 -0.413602 -0.803164 -0.862415 -0.147601 -0.876226 1.023827 -0.377548 0.303039 -1.507550 -0.624876 1.064559 -0.439683 -0.777047 -1.090852 -0.879587 0.575309 0.327878 0.267042 0.019611 0.939555 1.247822 -0.291355 0.016912 -1.514863 -0.283954 -1.267433 -0.036523 1.514863 3.205919
9.000000 0.000000 86.000000 1.050000 6202.682000 9.000000 0.000000 -0.193202 0.833233 -0.518069 -0.695908 -0.488390 -0.526913 -0.690527 0.258084 0.671769 -0.810624 -1.035280 1.845904 -0.268169 -0.217141 -0.242610 0.000000 0.000000 0.000000 0.001958 1.000000 0.470575 0.151031 0.876371 1.000000 1.000000 0.636210 0.266272 0.001958 1.000000 0.470575 0.767210 0.722050 1.000000 0.166111 0.013678 1.000000 -0.810271 -1.035420 1.845691 -0.268259 -0.217325 -0.242497 -0.027172 0.396647 -0.369475 0.603928 -0.895627 -1.196426 -0.824046 -1.053022 1.877068 -0.426586 -0.345590 -0.385618 -0.246139 0.554296 -0.308157 0.632667 -1.047625 -1.173275 0.126545 0.408719 -0.221760 0.060413 1.086000 1.434306 0.771144 1.119450 -1.212545 -0.897689 -1.494719 -1.179863 1.494719 3.052419
10.000000 0.000000 76.000000 1.730000 8123.650000 10.000000 0.000000 0.370752 0.053640 -0.927181 -0.376177 0.917778 -0.099729 0.848009 0.384552 0.362073 -1.359755 1.768822 -0.409067 1.094243 0.337398 -1.120279 0.000000 0.000000 0.000000 0.731515 0.011713 1.000000 0.097501 0.041050 1.000000 0.082192 1.000000 0.054060 0.731515 0.011713 1.000000 1.000000 0.883659 0.167241 1.000000 0.662131 0.298949 -1.359302 1.768701 -0.409399 1.094135 0.337606 -1.120278 -0.404910 1.538390 -1.133481 -1.711764 -0.066925 -0.543725 -1.382410 1.798769 -0.416359 1.739894 0.536860 -1.781466 -0.509840 2.334560 -1.824720 -1.961265 -0.570361 -0.676268 -1.789848 -2.228192 -0.369230 -0.807575 1.831978 0.411360 0.377417 -1.043201 -0.042130 1.412431 0.396214 1.850775 2.228192 5.239007
11.000000 0.000000 85.000000 1.990000 9079.476000 11.000000 0.000000 -0.374548 0.921660 -0.101272 -0.847936 -0.385553 -0.364966 -0.373872 -0.053158 0.923921 -0.487340 -0.914908 1.402249 -0.158504 1.272933 0.398527 0.000000 0.000000 0.000000 0.723627 0.000437 1.000000 0.092603 0.043029 1.000000 0.083310 1.000000 0.062597 0.723627 0.000437 1.000000 1.000000 0.878909 0.164250 1.000000 0.668587 0.305650 -0.485522 -0.912414 1.397937 -0.158029 1.268610 0.396868 -0.017632 0.698569 -0.680937 1.101664 -0.246066 -1.246144 -0.493776 -0.927925 1.421701 -0.251298 2.017344 0.631100 0.274523 1.126280 -1.400802 1.311258 -0.084065 -1.647616 1.103410 -0.543744 0.898226 -0.748928 0.421753 0.626937 0.937044 1.142228 -1.525163 -2.040454 0.121991 -0.393300 2.040454 4.275802
12.000000 0.000000 89.000000 2.080000 8561.229000 12.000000 0.000000 -0.374573 0.921615 -0.101596 -0.846568 -0.384465 -0.366248 -0.373560 -0.052494 0.921855 -1.553564 -0.866668 2.420231 0.607808 1.067147 0.010479 0.000000 0.000000 0.000000 0.722621 0.006453 1.000000 0.091948 0.042325 1.000000 0.084134 1.000000 0.062762 0.722621 0.006453 1.000000 1.000000 0.879491 0.166008 1.000000 0.668288 0.306609 -1.549148 -0.863671 2.412820 0.605938 1.063669 0.010224 0.191833 0.255780 -0.447613 1.510743 -1.482975 -1.161701 -1.575484 -0.878354 2.453837 0.963563 1.691446 0.016258 0.591313 0.486147 -1.077460 1.460094 -1.736366 -1.551418 0.012555 -1.368505 0.799301 -0.581759 2.031699 1.244953 2.044974 1.258228 -2.044254 -2.057529 -0.663194 -0.676469 2.057529 5.028080
13.000000 0.000000 93.000000 3.180000 11158.639000 13.000000 0.000000 -0.374000 0.921655 -0.103327 -0.843471 -0.382228 -0.367006 -0.372339 -0.050771 0.916752 -4.416644 -0.497497 4.914140 1.533865 1.155181 -0.551726 0.000000 0.000000 0.000000 0.722679 0.019261 1.000000 0.087852 0.044004 1.000000 0.085623 1.000000 0.062931 0.722679 0.019261 1.000000 1.000000 0.886230 0.164195 1.000000 0.665477 0.308731 -4.402653 -0.495792 4.898444 1.529020 1.151384 -0.549542 0.669305 -0.144000 -0.525304 3.209367 -3.773207 -0.931715 -4.477498 -0.504220 4.981718 2.431448 1.830930 -0.873882 1.224968 0.022518 -1.247485 2.867266 -4.577339 -1.373282 -1.867244 -3.362192 0.118025 -1.376923 5.211104 3.225835 4.497582 2.512313 -3.343860 -2.630338 -1.848912 -1.135390 5.211104 9.887535
14.000000 0.000000 82.000000 5.060000 11352.339000 14.000000 0.000000 -0.372987 0.921789 -0.105767 -0.839248 -0.378353 -0.369890 -0.369834 -0.048094 0.911447 -7.823789 0.170601 7.653188 4.460598 1.428283 -1.714833 0.000000 0.000000 0.000000 0.722961 0.041292 1.000000 0.084739 0.045817 1.000000 0.086549 1.000000 0.061229 0.722961 0.041292 1.000000 1.000000 0.892586 0.163045 1.000000 0.659636 0.310230 -7.799106 0.170340 7.628767 4.446347 1.423458 -1.709201 2.279669 -1.229924 -1.049745 4.267880 -7.826822 -0.929757 -7.931691 0.173235 7.758456 7.070581 2.263583 -2.717972 3.553900 -1.502239 -2.051661 3.054819 -10.119248 -1.671158 -5.271271 -7.119479 0.501834 -1.346374 10.401636 4.628530 8.182421 2.409316 -5.130364 -2.911149 -3.282157 -1.062942 10.401636 19.292899
15.000000 0.000000 113.000000 0.850000 22470.867000 15.000000 0.000000 -0.599581 0.591092 -0.539549 -0.144005 -0.742157 -0.653525 -0.787085 -0.315591 0.529128 -0.383501 0.304831 0.078670 -0.883765 0.057077 -0.134565 0.000000 0.000000 0.000000 0.290896 1.000000 0.382314 1.000000 0.009685 0.196369 0.223279 1.000000 0.051306 0.290896 1.000000 0.382314 0.278158 0.718484 1.000000 0.126086 0.013232 1.000000 -0.383201 0.304458 0.078743 -0.883356 0.056583 -0.134462 -0.250876 0.495988 -0.245112 0.472488 -0.161882 -0.700362 -0.389716 0.309634 0.080082 -1.404713 0.089978 -0.213822 -0.351508 0.619909 -0.268400 0.725874 -0.131942 -1.148858 0.324697 0.251230 -0.822247 -0.895714 -0.294385 0.852558 -0.468970 0.677973 -0.030312 0.144273 0.043155 0.217740 0.895714 2.542116
16.000000 0.000000 111.000000 0.660000 23321.901000 16.000000 0.000000 -0.599557 0.590961 -0.539719 -0.787072 -0.315299 0.529112 0.144161 0.742736 0.653036 -0.376111 0.199300 0.176810 1.062259 -0.019888 0.003155 0.000000 0.000000 0.000000 0.291121 1.000000 0.382445 1.000000 0.007918 0.197412 0.223267 1.000000 0.050664 0.291121 1.000000 0.382445 0.279297 0.719712 1.000000 0.125193 0.013277 1.000000 -0.376020 0.199123 0.176898 1.061693 -0.019683 0.003304 -0.242678 0.378489 -0.135811 0.704534 -0.196181 -0.767207 -0.382413 0.202508 0.179905 1.688304 -0.031299 0.005255 -0.381267 0.503889 -0.122622 1.092984 -0.155119 -1.239095 -0.940818 -0.915262 0.437677 0.463232 0.916667 -0.461827 0.920958 -0.457537 0.024151 0.019860 -0.001405 -0.005696 0.940818 2.980529
17.000000 0.000000 115.000000 0.720000 22980.508000 17.000000 0.000000 -0.599276 0.591327 -0.539630 -0.787125 -0.314950 0.529055 0.144186 0.742527 0.653287 -0.404666 0.268835 0.135830 0.865260 -0.068057 0.013555 0.000000 0.000000 0.000000 0.292346 1.000000 0.384026 1.000000 0.008531 0.197214 0.223796 1.000000 0.051035 0.292346 1.000000 0.384026 0.278477 0.720494 1.000000 0.125370 0.013567 1.000000 -0.404438 0.268433 0.136005 0.864780 -0.067945 0.013534 -0.147950 0.289409 -0.141458 0.628816 -0.248079 -0.599937 -0.411314 0.272997 0.138317 1.375173 -0.108046 0.021522 -0.249025 0.384971 -0.135947 0.969249 -0.210832 -0.967685 -0.884890 -0.796671 0.237934 0.326153 0.777011 -0.345813 0.794584 -0.328240 0.107879 0.090306 0.019659 0.002087 0.884890 2.470622
18.000000 0.000000 115.000000 0.570000 36594.068000 18.000000 0.000000 -0.599022 0.591529 -0.539691 -0.787570 -0.315044 0.529238 0.143793 0.741320 0.654195 -0.364474 -0.171081 0.535555 0.285762 0.343875 0.105563 0.000000 0.000000 0.000000 0.292879 1.000000 0.384670 1.000000 0.011935 0.195046 0.224785 1.000000 0.051375 0.292879 1.000000 0.384670 0.276932 0.719793 1.000000 0.126625 0.014529 1.000000 -0.364576 -0.170514 0.535090 0.285878 0.343701 0.105683 -0.249895 0.649033 -0.399138 -0.064024 -0.087058 -0.319377 -0.370774 -0.173412 0.544186 0.454603 0.546553 0.168057 -0.268099 0.735275 -0.467176 -0.121114 -0.086995 -0.572585 -0.043034 -0.489293 0.328148 -0.118111 0.490513 0.119331 0.627731 0.256549 -0.447479 -0.584697 -0.001220 -0.138438 0.627731 1.515391
19.000000 0.000000 116.000000 0.780000 41236.915000 19.000000 0.000000 -0.599034 0.591502 -0.539707 -0.787979 -0.315033 0.529578 0.144164 0.741456 0.654037 -0.181254 -0.486167 0.667421 0.409260 0.388249 0.067237 0.000000 0.000000 0.000000 0.292373 1.000000 0.385107 1.000000 0.011433 0.195784 0.225239 1.000000 0.051112 0.292373 1.000000 0.385107 0.277288 0.722219 1.000000 0.126468 0.014504 1.000000 -0.181275 -0.485890 0.667164 0.409423 0.388102 0.066972 -0.449527 0.810418 -0.360891 -0.055323 0.144250 -0.401681 -0.184356 -0.494150 0.678506 0.651064 0.617159 0.106499 -0.512740 0.918465 -0.405725 -0.089133 0.144055 -0.721900 0.112631 -0.391277 0.644223 0.140314 0.574580 0.042988 0.661536 0.129944 -0.687211 -0.774167 -0.183303 -0.270258 0.774167 1.885775
20.000000 0.000000 115.000000 0.560000 44617.785000 20.000000 0.000000 -0.598866 0.591590 -0.539798 -0.787914 -0.314599 0.529203 0.144333 0.741354 0.653687 -0.404257 -0.321814 0.726072 0.510166 0.359818 -0.039045 0.000000 0.000000 0.000000 0.293775 1.000000 0.385830 1.000000 0.010766 0.196386 0.225418 1.000000 0.051058 0.293775 1.000000 0.385830 0.277674 0.723562 1.000000 0.126308 0.014435 1.000000 -0.404125 -0.321717 0.725842 0.510241 0.359496 -0.038921 -0.544470 0.878751 -0.334281 0.059290 -0.057071 -0.436991 -0.410995 -0.327187 0.738182 0.811386 0.571670 -0.061893 -0.677014 0.994767 -0.317753 0.075871 -0.070410 -0.783755 -0.132078 -0.598845 0.530416 0.063649 0.825664 0.163170 0.775129 0.112635 -0.693586 -0.643050 -0.226819 -0.176284 0.825664 2.048968
21.000000 0.000000 117.000000 0.580000 41332.891000 21.000000 0.000000 -0.598525 0.591680 -0.540076 -0.787804 -0.314149 0.528791 0.144591 0.740893 0.653838 -0.621034 -0.093783 0.714818 0.460092 0.647843 -0.027825 0.000000 0.000000 0.000000 0.295667 1.000000 0.386362 1.000000 0.011395 0.196582 0.225809 1.000000 0.050854 0.295667 1.000000 0.386362 0.277229 0.725419 1.000000 0.126493 0.014294 1.000000 -0.620809 -0.093395 0.714204 0.459724 0.647686 -0.028126 -0.508901 0.918815 -0.409914 -0.164606 -0.307588 -0.571333 -0.631362 -0.094983 0.726345 0.731054 1.029951 -0.044727 -0.657210 1.065189 -0.407979 -0.298825 -0.347158 -0.994250 -0.096952 -0.937903 0.499951 -0.341000 0.870993 0.274090 0.834474 0.237571 -0.774041 -0.737522 0.066910 0.103429 0.937903 2.488884
22.000000 0.000000 110.000000 0.540000 26149.048000 22.000000 0.000000 -0.598137 0.591869 -0.540299 -0.788131 -0.313801 0.528777 0.144367 0.741678 0.653611 -0.440522 -0.052756 0.493278 0.453440 0.261051 0.008529 0.000000 0.000000 0.000000 0.296471 1.000000 0.387016 1.000000 0.009820 0.196951 0.226840 1.000000 0.050691 0.296471 1.000000 0.387016 0.277910 0.726677 1.000000 0.125417 0.015688 1.000000 -0.440140 -0.053073 0.493213 0.453492 0.260693 0.008471 -0.320506 0.622378 -0.301873 0.114843 -0.182212 -0.395720 -0.447623 -0.053975 0.501598 0.721143 0.414553 0.013470 -0.406425 0.716237 -0.309812 0.156407 -0.185438 -0.688181 -0.285871 -0.624352 0.302940 -0.035541 0.676424 0.087613 0.687422 0.098611 -0.390553 -0.401552 -0.052072 -0.063070 0.687422 1.660894
23.000000 0.000000 102.000000 0.840000 14030.097000 23.000000 0.000000 -0.598020 0.592156 -0.540114 -0.788339 -0.313755 0.529442 0.144445 0.741822 0.653620 -0.231872 -0.346363 0.578235 0.284794 0.067982 0.154258 0.000000 0.000000 0.000000 0.295891 1.000000 0.388786 1.000000 0.009707 0.197110 0.227283 1.000000 0.050743 0.295891 1.000000 0.388786 0.278027 0.727835 1.000000 0.125435 0.015937 1.000000 -0.231485 -0.346175 0.577659 0.284482 0.068180 0.154230 -0.216997 0.633389 -0.416392 0.127956 0.109011 -0.154400 -0.235420 -0.352060 0.587480 0.452383 0.108419 0.245257 -0.181236 0.686722 -0.505486 0.196529 0.140287 -0.317060 -0.092805 -0.181328 0.276564 0.188040 0.420506 0.051137 0.620757 0.251389 -0.327702 -0.527953 -0.239178 -0.439429 0.620757 1.271384
24.000000 0.000000 95.000000 1.320000 8843.935000 24.000000 0.000000 -0.597571 0.592024 -0.540756 -0.787955 -0.312270 0.528201 0.145573 0.739756 0.653395 -1.213022 0.096979 1.116043 0.294289 1.188593 -0.179585 0.000000 0.000000 0.000000 0.301198 1.000000 0.390691 1.000000 0.011398 0.198258 0.227427 1.000000 0.049543 0.301198 1.000000 0.390691 0.277796 0.733406 1.000000 0.126408 0.014216 1.000000 -1.212329 0.096863 1.115466 0.294092 1.187492 -0.179708 -0.791801 1.386855 -0.595055 -0.612771 -0.800539 -0.649663 -1.232938 0.098509 1.134429 0.467665 1.888350 -0.285771 -1.059665 1.587581 -0.527916 -1.053478 -0.919046 -1.165832 0.036431 -1.505400 0.418278 -1.123553 1.274063 0.892216 1.040732 0.658885 -1.310494 -1.077163 0.231338 0.464669 1.505400 3.977924
25.000000 0.000000 113.000000 0.630000 24281.510000 25.000000 0.000000 0.047893 -0.104644 0.993356 -0.983050 0.173250 0.063995 -0.179462 -0.979473 -0.093870 0.148055 -0.101837 -0.046218 -0.359424 -0.327713 0.820466 0.000000 0.000000 0.000000 1.000000 0.232850 0.100000 0.463533 1.000000 0.559135 0.386326 1.000000 0.151608 1.000000 0.232850 0.100000 1.000000 0.122870 0.223035 1.000000 0.045417 0.126505 0.148116 -0.102081 -0.046036 -0.359377 -0.327799 0.820312 -0.295813 0.571668 -0.275855 0.244622 -0.432568 -0.659240 0.150634 -0.103816 -0.046818 -0.571481 -0.521266 1.304460 -0.413232 0.901634 -0.488403 0.337137 -0.690163 -1.056716 0.124379 0.549991 -0.342233 0.083379 -0.846460 -0.379847 0.218627 0.685240 0.722080 -0.343006 0.296468 -0.768619 0.846460 2.636905
26.000000 0.000000 114.000000 0.450000 25235.646000 26.000000 0.000000 0.179552 0.979256 0.093903 -0.982796 0.173359 0.064003 0.047966 -0.104574 0.993154 -0.061912 -0.080105 0.142018 0.852431 0.266932 0.345381 0.000000 0.000000 0.000000 1.000000 0.233152 0.100013 0.463730 1.000000 0.559884 0.386303 1.000000 0.151626 1.000000 0.233152 0.100013 1.000000 0.122995 0.223205 1.000000 0.045163 0.126661 -0.061749 -0.080024 0.141773 0.852734 0.266791 0.345478 -0.276227 0.507312 -0.231085 0.234218 -0.471737 -0.679645 -0.062799 -0.081384 0.144183 1.356017 0.424251 0.549379 -0.394014 0.806068 -0.412054 0.318392 -0.754164 -1.085698 -0.372805 -0.719204 0.734379 0.387979 0.413809 -0.693375 0.862375 -0.244808 -0.041004 -0.489571 0.305395 -0.143171 0.862375 2.647414
27.000000 0.000000 114.000000 0.460000 23967.817000 27.000000 0.000000 0.179630 0.979236 0.093968 -0.982813 0.173375 0.064311 0.048204 -0.104717 0.993336 0.020206 -0.036739 0.016533 0.824330 0.271574 0.362718 0.000000 0.000000 0.000000 1.000000 0.232776 0.100621 0.464721 1.000000 0.561110 0.386166 1.000000 0.151191 1.000000 0.232776 0.100621 1.000000 0.122902 0.223436 1.000000 0.044907 0.127186 0.020109 -0.036999 0.016890 0.824146 0.271583 0.362646 -0.235976 0.527339 -0.291364 0.135346 -0.449204 -0.675338 0.020451 -0.037628 0.017177 1.310558 0.431872 0.576680 -0.355161 0.828627 -0.473466 0.215732 -0.712294 -1.079504 -0.335011 -0.687633 0.735054 0.382432 0.298267 -0.771798 0.769125 -0.300941 0.036744 -0.434114 0.389366 -0.081492 0.771798 2.590965
28.000000 0.000000 111.000000 0.480000 20558.292000 28.000000 0.000000 0.179533 0.979280 0.093695 -0.982901 0.173601 0.064197 0.048232 -0.104535 0.993304 0.043098 -0.132371 0.089273 0.893856 0.321342 0.222856 0.000000 0.000000 0.000000 1.000000 0.233332 0.100472 0.463509 1.000000 0.560279 0.385645 1.000000 0.151002 1.000000 0.233332 0.100472 1.000000 0.123222 0.222780 1.000000 0.044619 0.127112 0.042876 -0.132170 0.089294 0.893689 0.321518 0.222616 -0.283567 0.581287 -0.297720 0.205738 -0.580000 -0.577108 0.043605 -0.134417 0.090812 1.421145 0.511278 0.354004 -0.378684 0.894570 -0.515886 0.313789 -0.917372 -0.935710 -0.298774 -0.716231 0.861585 0.444128 0.454931 -0.705429 0.743974 -0.416386 -0.156156 -0.445200 0.261301 -0.027742 0.861585 2.694709
29.000000 0.000000 107.000000 0.810000 17134.975000 29.000000 0.000000 0.179141 0.979400 0.093189 -0.982703 0.174314 0.063518 0.048273 -0.103939 0.992727 -0.206626 -0.266769 0.473395 1.251630 0.318976 -0.299054 0.000000 0.000000 0.000000 1.000000 0.235638 0.099231 0.459598 1.000000 0.557573 0.384876 1.000000 0.150381 1.000000 0.235638 0.099231 1.000000 0.123606 0.221444 1.000000 0.043730 0.126827 -0.206772 -0.266543 0.473315 1.251632 0.319159 -0.299121 -0.270491 0.453570 -0.183078 0.613350 -1.119840 -0.374685 -0.210287 -0.271074 0.481361 1.990346 0.507527 -0.475662 -0.279449 0.719089 -0.439640 0.794623 -1.794295 -0.612264 -0.580542 -0.994936 1.044569 0.630175 1.289108 -0.336003 0.900731 -0.724379 -0.708566 -0.320190 -0.294172 0.094205 1.289108 3.722910
30.000000 0.000000 109.000000 1.730000 15976.437000 30.000000 0.000000 0.177710 0.979696 0.092819 -0.982018 0.174585 0.063283 0.047393 -0.103118 0.991756 -0.782991 -0.205492 0.988482 0.894796 0.272486 -1.200241 0.000000 0.000000 0.000000 1.000000 0.236217 0.098957 0.453950 1.000000 0.548834 0.384826 1.000000 0.150306 1.000000 0.236217 0.098957 1.000000 0.121997 0.220296 1.000000 0.044359 0.124607 -0.783170 -0.205879 0.989049 0.894853 0.272967 -1.200738 0.124200 -0.128899 0.004699 1.188882 -1.236606 0.418758 -0.796484 -0.209379 1.005863 1.422995 0.434073 -1.909413 0.324702 -0.084239 -0.240463 1.423884 -2.026614 0.695989 -0.643410 -0.997829 0.518460 0.164041 2.096255 0.934384 0.537226 -0.624645 -1.452845 0.106185 -1.098426 0.460603 2.096255 4.484702
31.000000 0.000000 107.000000 1.930000 15099.986000 31.000000 0.000000 0.178255 0.979736 0.091336 -0.980762 0.175882 0.062060 0.048914 -0.102174 0.988985 -2.077500 -0.408521 2.486021 2.308165 0.524538 -1.582762 0.000000 0.000000 0.000000 1.000000 0.240220 0.097105 0.445475 1.000000 0.551708 0.384665 1.000000 0.147777 1.000000 0.240220 0.097105 1.000000 0.125650 0.217577 1.000000 0.039993 0.127189 -2.077571 -0.408556 2.486127 2.308339 0.524756 -1.583114 -0.105792 -0.114207 0.219999 2.777450 -2.381963 -0.133313 -2.112890 -0.415502 2.528392 3.670720 0.834467 -2.517468 0.093433 0.158808 -0.252241 3.215686 -3.952196 -0.117199 -1.850851 -2.532191 1.146279 0.464939 4.421112 1.423982 2.365609 -0.631522 -2.570261 -0.514757 -1.888921 0.166582 4.421112 8.835669
32.000000 0.000000 110.000000 1.790000 15214.345000 32.000000 0.000000 0.176264 0.980142 0.090843 -0.980371 0.175640 0.063015 0.048444 -0.101348 0.987246 -2.811304 -0.787447 3.598752 1.564019 0.555316 -2.544265 0.000000 0.000000 0.000000 1.000000 0.237716 0.099543 0.438826 1.000000 0.541488 0.384847 1.000000 0.145745 1.000000 0.237716 0.099543 1.000000 0.122568 0.216515 1.000000 0.040031 0.125617 -2.811595 -0.788033 3.599628 1.564302 0.555277 -2.544850 -0.077727 -0.648873 0.726600 3.700593 -2.193923 0.994047 -2.859392 -0.801429 3.660821 2.487553 0.883002 -4.046821 0.360250 -0.611271 0.251020 4.194546 -3.707747 1.682129 -1.495215 -2.216183 0.535864 -0.185104 5.329513 3.298434 2.025298 -0.005781 -3.834298 -0.530082 -3.113330 0.190886 5.329513 10.166768
33.000000 0.000000 108.000000 0.520000 15562.068000 33.000000 0.000000 0.178608 0.979443 0.093753 -0.982568 0.173073 0.066382 0.049766 -0.104538 0.992819 -0.184179 -0.084181 0.268361 0.543166 0.210392 -0.121755 0.000000 0.000000 0.000000 1.000000 0.228787 0.105184 0.464031 1.000000 0.561197 0.384490 1.000000 0.146015 1.000000 0.228787 0.105184 1.000000 0.120491 0.223394 1.000000 0.041975 0.129857 -0.184049 -0.084400 0.268449 0.543483 0.210382 -0.121868 -0.093305 0.222553 -0.129248 0.362880 -0.459494 -0.175301 -0.187178 -0.085835 0.273013 0.864247 0.334549 -0.193795 -0.098669 0.376776 -0.278106 0.457723 -0.744720 -0.276103 -0.257622 -0.530780 0.448033 0.174875 0.619816 -0.085839 0.461583 -0.244072 -0.362194 -0.203961 -0.089036 0.069197 0.619816 1.692517
34.000000 0.000000 106.000000 0.560000 14483.018000 34.000000 0.000000 0.178661 0.979454 0.093543 -0.982434 0.173485 0.066062 0.049621 -0.104358 0.992441 -0.345166 -0.163978 0.509144 0.646380 0.256321 -0.288274 0.000000 0.000000 0.000000 1.000000 0.230066 0.104596 0.462376 1.000000 0.560456 0.384738 1.000000 0.146444 1.000000 0.230066 0.104596 1.000000 0.121066 0.222957 1.000000 0.041939 0.129512 -0.345561 -0.163781 0.509341 0.646856 0.256373 -0.288560 -0.124880 0.203676 -0.078795 0.600727 -0.606357 -0.100321 -0.351435 -0.166565 0.518000 1.028631 0.407684 -0.458869 -0.102309 0.365898 -0.263589 0.729769 -0.990507 -0.155092 -0.328973 -0.661846 0.510900 0.178028 0.962215 0.122341 0.587550 -0.252324 -0.633241 -0.258576 -0.300369 0.074296 0.962215 2.221239
35.000000 0.000000 94.000000 0.510000 8689.035000 35.000000 0.000000 0.179352 0.979260 0.094243 -0.983208 0.172349 0.067364 0.050541 -0.105705 0.993875 0.409549 -0.060862 -0.348687 0.478457 0.391033 0.608788 0.000000 0.000000 0.000000 1.000000 0.226134 0.107013 0.470388 1.000000 0.567737 0.384848 1.000000 0.145215 1.000000 0.226134 0.107013 1.000000 0.120461 0.224779 1.000000 0.042132 0.131953 0.409722 -0.061047 -0.348675 0.478585 0.391134 0.608430 -0.300383 0.780676 -0.480293 -0.238105 -0.076597 -0.609147 0.416688 -0.062085 -0.354603 0.761045 0.621982 0.967526 -0.450825 1.150004 -0.699180 -0.180589 -0.088137 -1.003039 0.138686 -0.369160 0.760077 0.252230 -0.399173 -1.020564 0.390808 -0.230583 0.260487 -0.529494 0.768334 -0.021648 1.020564 2.482199
36.000000 0.000000 104.000000 0.860000 14642.693000 36.000000 0.000000 -0.076541 0.068296 -0.994725 -0.980101 0.178244 0.086582 0.184067 0.981111 0.052576 -0.151704 -0.084652 0.236355 0.487932 -0.310285 -0.533157 0.000000 0.000000 0.000000 1.000000 0.191167 0.164383 0.356573 1.000000 0.601616 0.280427 1.000000 0.108317 1.000000 0.191167 0.164383 1.000000 0.196681 0.145617 1.000000 0.053610 0.101803 -0.151789 -0.084389 0.236178 0.487895 -0.310072 -0.533366 -0.320396 0.645529 -0.325132 -0.098792 -0.151816 -0.562398 -0.154370 -0.085823 0.240193 0.775850 -0.493077 -0.848158 -0.467132 0.974813 -0.507681 -0.053544 -0.219082 -0.919192 -0.546021 -0.143426 0.087458 0.490053 0.824078 0.190599 0.131560 -0.501919 -0.278057 0.414461 -0.680652 0.011866 0.824078 2.196965
37.000000 0.000000 104.000000 0.920000 13952.204000 37.000000 0.000000 0.183960 0.981545 0.052238 -0.980349 0.178153 0.086833 0.076776 -0.067988 0.995033 0.161888 -0.019817 -0.142071 0.488463 0.315900 0.472425 0.000000 0.000000 0.000000 1.000000 0.190291 0.164989 0.355425 1.000000 0.601134 0.279598 1.000000 0.107760 1.000000 0.190291 0.164989 1.000000 0.196960 0.144897 1.000000 0.054395 0.101144 0.161685 -0.019406 -0.142279 0.488535 0.315787 0.472054 -0.248095 0.595428 -0.347334 -0.060616 -0.113355 -0.547464 0.164434 -0.019736 -0.144698 0.776868 0.502165 0.750661 -0.386461 0.918135 -0.531674 -0.014888 -0.164681 -0.882341 -0.036960 -0.446976 0.597350 0.187334 -0.115503 -0.749814 0.497409 -0.136902 0.152464 -0.460448 0.562479 -0.050432 0.749814 2.080890
38.000000 0.000000 101.000000 1.000000 13667.469000 38.000000 0.000000 0.183790 0.981607 0.051659 -0.980276 0.177837 0.087056 0.076986 -0.067590 0.994854 0.063088 -0.009964 -0.053124 0.439906 0.402703 0.551066 0.000000 0.000000 0.000000 1.000000 0.188986 0.165696 0.353668 1.000000 0.600373 0.278618 1.000000 0.107222 1.000000 0.188986 0.165696 1.000000 0.197634 0.143729 1.000000 0.055241 0.100389 0.063162 -0.010406 -0.052756 0.439627 0.402591 0.551102 -0.260659 0.658691 -0.398032 0.033915 -0.003869 -0.575514 0.064236 -0.010583 -0.053653 0.699095 0.640200 0.876362 -0.409801 1.035756 -0.625956 0.085000 -0.000094 -0.920141 0.006501 -0.516220 0.577310 0.054588 -0.120497 -0.691306 0.595050 0.024241 0.113996 -0.601550 0.636717 -0.078829 0.691306 2.238410
39.000000 0.000000 85.000000 6.750000 9124.604000 39.000000 0.000000 0.182926 0.982067 0.045644 -0.976547 0.172583 0.093287 0.076012 -0.065065 0.991692 -2.407628 1.553476 0.854151 -3.565315 2.363379 2.447995 0.000000 0.000000 0.000000 1.000000 0.165325 0.181373 0.338222 1.000000 0.591261 0.274852 1.000000 0.108961 1.000000 0.165325 0.181373 1.000000 0.206211 0.133854 1.000000 0.056519 0.096600 -2.407137 1.553088 0.854048 -3.564044 2.362592 2.447481 1.163239 0.987638 -2.150877 1.372036 4.835526 0.010175 -2.448058 1.579491 0.868567 -5.667543 3.756994 3.891985 1.034218 2.219762 -3.253980 1.315063 7.473849 0.352444 2.203311 -0.864261 -2.424219 -5.491791 -2.548655 2.078875 0.629138 5.256668 0.345343 -2.832449 3.412916 0.235123 5.491791 14.071747
40.000000 0.000000 99.000000 0.520000 14317.723000 40.000000 0.000000 0.184899 0.981774 0.043963 -0.980033 0.179804 0.091211 0.082739 -0.060949 0.995657 0.500990 -0.055577 -0.445413 0.614232 0.383792 0.335557 0.000000 0.000000 0.000000 1.000000 0.182976 0.177740 0.335841 1.000000 0.611098 0.260235 1.000000 0.100044 1.000000 0.182976 0.177740 1.000000 0.212271 0.129332 1.000000 0.074625 0.086045 0.500466 -0.055350 -0.445116 0.613972 0.383545 0.335259 -0.247890 0.748276 -0.500386 -0.310348 -0.340043 -0.463114 0.508974 -0.056291 -0.452683 0.976339 0.609913 0.533129 -0.371763 1.105837 -0.734073 -0.238937 -0.490898 -0.771353 0.081176 -0.416816 0.878353 0.380361 -0.211655 -1.008833 0.223642 -0.573535 0.130480 -0.304818 0.628471 0.193174 1.008833 2.351402
41.000000 0.000000 110.000000 0.560000 20269.696000 41.000000 0.000000 0.184856 0.981795 0.043669 -0.979847 0.180392 0.090605 0.082465 -0.060516 0.995291 0.319147 -0.104907 -0.214240 0.769940 0.352758 0.033614 0.000000 0.000000 0.000000 1.000000 0.184960 0.176690 0.333533 1.000000 0.609368 0.260053 1.000000 0.100585 1.000000 0.184960 0.176690 1.000000 0.213011 0.128530 1.000000 0.074734 0.085184 0.319079 -0.104986 -0.214093 0.769524 0.353072 0.033518 -0.216839 0.632330 -0.415491 -0.057993 -0.606228 -0.341559 0.324503 -0.106771 -0.217732 1.223697 0.561455 0.053300 -0.292520 0.939594 -0.647074 0.050776 -0.933069 -0.575163 -0.094293 -0.552718 0.904852 0.446426 0.256446 -0.742699 0.299965 -0.699180 -0.162154 -0.205672 0.296272 0.252753 0.904852 2.385935
42.000000 0.000000 108.000000 0.560000 20844.648000 42.000000 0.000000 0.185010 0.981751 0.044000 -0.980349 0.180151 0.090781 0.082337 -0.060863 0.996286 0.806828 -0.081604 -0.725223 0.617518 0.340743 0.258396 0.000000 0.000000 0.000000 1.000000 0.184485 0.176731 0.336258 1.000000 0.610356 0.259808 1.000000 0.101058 1.000000 0.184485 0.176731 1.000000 0.212567 0.129191 1.000000 0.073960 0.085930 0.806713 -0.081707 -0.725005 0.617398 0.340554 0.258253 -0.238239 0.772766 -0.534527 -0.585670 -0.444475 -0.380800 0.820427 -0.083096 -0.737331 0.981786 0.541549 0.410673 -0.346867 1.094794 -0.747927 -0.518877 -0.626427 -0.660965 0.189136 -0.253037 0.990760 0.548587 -0.402796 -1.204421 -0.067483 -0.869107 0.213660 -0.121653 0.655833 0.320520 1.204421 2.472445
43.000000 0.000000 104.000000 0.570000 18441.553000 43.000000 0.000000 0.082092 -0.060371 0.994795 0.979162 -0.179635 -0.090363 0.184672 0.980629 0.043631 -0.528021 -0.124690 0.652712 -0.363826 0.319924 -0.667833 0.000000 0.000000 0.000000 1.000000 0.184133 0.176204 0.334463 1.000000 0.608788 0.259402 1.000000 0.101246 1.000000 0.184133 0.176204 1.000000 0.213044 0.128408 1.000000 0.074158 0.085221 -0.528240 -0.124616 0.652856 -0.363948 0.320019 -0.667497 -0.328701 0.769980 -0.441279 -0.437712 -0.396078 -0.494496 -0.537220 -0.126734 0.663955 -0.578751 0.508894 -1.061453 -0.464990 1.106220 -0.641230 -0.378279 -0.565619 -0.839513 0.276449 -0.139061 -0.196099 -0.611609 0.687440 1.159988 -0.179233 0.293315 -0.963889 -0.097216 -0.548379 0.318294 1.159988 2.506009
44.000000 0.000000 101.000000 0.700000 15091.924000 44.000000 0.000000 0.184938 0.981799 0.043232 -0.980036 0.179663 0.090361 0.082154 -0.060002 0.995538 0.393564 -0.063277 -0.330287 0.667682 0.339097 0.474223 0.000000 0.000000 0.000000 1.000000 0.183651 0.176201 0.332488 1.000000 0.608214 0.259006 1.000000 0.101486 1.000000 0.183651 0.176201 1.000000 0.214074 0.127510 1.000000 0.074667 0.084419 0.392990 -0.063543 -0.329446 0.666835 0.338847 0.473249 -0.317511 0.735386 -0.417875 -0.232909 -0.286751 -0.610223 0.399671 -0.064624 -0.335047 1.060401 0.538834 0.752560 -0.476322 1.100121 -0.623800 -0.175918 -0.417195 -1.000544 -0.023381 -0.463338 0.842432 0.402476 -0.174272 -1.040085 0.440191 -0.425623 0.197653 -0.416810 0.637609 0.023147 1.040085 2.521442
45.000000 0.000000 90.000000 0.630000 9275.657000 45.000000 0.000000 0.185263 0.981726 0.043482 -0.979708 0.179819 0.090121 0.082048 -0.060166 0.995599 0.309309 0.167096 -0.476405 0.738469 0.288739 0.527052 0.000000 0.000000 0.000000 1.000000 0.184506 0.175596 0.333374 1.000000 0.609720 0.259532 1.000000 0.102145 1.000000 0.184506 0.175596 1.000000 0.214421 0.128073 1.000000 0.074362 0.084724 0.309068 0.166754 -0.475822 0.737585 0.288042 0.526283 -0.132463 0.627514 -0.495051 -0.277942 -0.307154 -0.760952 0.314322 0.169589 -0.483911 1.172907 0.458044 0.836895 -0.306521 0.982287 -0.675766 -0.228941 -0.455279 -1.203881 -0.232754 -0.606746 0.724920 0.350929 -0.188701 -1.146376 0.494621 -0.463054 0.421456 -0.261867 0.795447 0.112125 1.146376 2.720353
46.000000 0.000000 108.000000 0.960000 11830.990000 46.000000 0.000000 -0.047242 0.082990 -0.995430 0.982120 -0.185876 -0.060628 -0.190367 -0.983234 -0.074335 1.874905 0.482815 -2.357720 -0.149933 -0.689602 0.734483 0.000000 0.000000 0.000000 1.000000 0.256676 0.099790 0.391141 1.000000 0.564101 0.346953 1.000000 0.175093 1.000000 0.256676 0.099790 1.000000 0.180557 0.184315 1.000000 0.015960 0.116143 1.874651 0.482911 -2.357562 -0.150085 -0.689362 0.734280 0.362045 -1.386473 1.024428 1.831428 -0.401396 -0.789340 1.906521 0.491120 -2.397641 -0.238665 -1.096223 1.167652 0.355770 -1.709967 1.354197 1.793856 -0.844699 -1.029945 0.227738 1.122800 0.032869 0.927931 -2.331293 -2.136424 -1.377909 -1.183040 2.103555 1.150171 1.208492 0.255109 2.331293 4.722635
47.000000 0.000000 102.000000 1.320000 10866.086000 47.000000 0.000000 0.189386 0.979098 0.074161 -0.977792 0.184730 0.058949 0.046228 -0.082603 0.991447 -2.401969 0.761708 1.640261 1.014621 -0.705439 -0.031830 0.000000 0.000000 0.000000 1.000000 0.258167 0.096649 0.390720 1.000000 0.561501 0.347222 1.000000 0.176760 1.000000 0.258167 0.096649 1.000000 0.180695 0.183970 1.000000 0.017404 0.114651 -2.412383 0.764981 1.647402 1.019337 -0.708385 -0.031816 0.559478 -1.406613 0.847135 1.754554 -0.548549 -1.103293 -2.453393 0.777985 1.675408 1.620950 -1.126474 -0.050595 0.515427 -1.686765 1.171338 1.719637 -1.089333 -1.493131 -2.440836 -1.521074 -1.117336 -0.197574 2.367981 1.044481 2.326671 1.003171 0.072855 0.114165 -0.846907 -0.805597 2.440836 5.083702
48.000000 0.000000 103.000000 0.510000 15226.782000 48.000000 0.000000 0.189491 0.979070 0.074256 -0.979950 0.184447 0.059397 0.045760 -0.084497 0.993603 -0.942975 0.129717 0.813258 0.705893 0.138435 0.346912 0.000000 0.000000 0.000000 1.000000 0.257215 0.097374 0.396431 1.000000 0.561615 0.347742 1.000000 0.177552 1.000000 0.257215 0.097374 1.000000 0.180205 0.183863 1.000000 0.020827 0.114488 -0.946673 0.129861 0.816812 0.708600 0.139174 0.348244 -0.097401 0.046456 0.050945 0.878399 -0.219530 -0.778443 -0.962766 0.132069 0.830697 1.126815 0.221314 0.553777 -0.208150 0.262248 -0.054098 0.930079 -0.430521 -1.155276 -0.816634 -0.997336 0.103407 -0.077295 0.966120 0.046080 1.418277 0.498237 -0.149487 -0.601643 0.031216 -0.420941 1.418277 2.706974
49.000000 0.000000 111.000000 0.430000 18523.762000 49.000000 0.000000 0.189690 0.979022 0.074387 -0.980471 0.184268 0.059609 0.045949 -0.085202 0.994168 -0.569546 0.012854 0.556691 0.744167 0.372503 0.573631 0.000000 0.000000 0.000000 1.000000 0.256654 0.097726 0.398819 1.000000 0.563390 0.348060 1.000000 0.177292 1.000000 0.256654 0.097726 1.000000 0.180138 0.184155 1.000000 0.021409 0.115146 -0.571818 0.013112 0.558705 0.747276 0.374400 0.575723 -0.280511 0.484461 -0.203950 0.631654 -0.154962 -0.865569 -0.581539 0.013335 0.568203 1.188318 0.595370 0.915514 -0.442321 0.873423 -0.431101 0.704575 -0.294335 -1.334205 -0.484926 -0.971044 0.485332 -0.000786 0.580752 -0.389506 1.328266 0.358008 -0.095826 -0.843340 0.390292 -0.357222 1.328266 2.967495
