peak_X peak_Y peak_Itot peak_Isub peak_fwaxmaj peak_fwaxmin peak_inclination Xdev Ydev peak_bkg Ipixmax
1514.63   392.17   30608.32   30608.32   0.56   0.50    30.650   0.00   0.00   0.00   0
125.96   1549.81   29525.78   29525.78   0.50   0.50    90.000   0.00   0.00   0.00   0
145.96   1963.07   24007.20   24007.20   0.50   0.50    35.180   0.00   0.00   0.00   0
536.43   1670.33   19737.13   19737.13   0.91   1.34    -25.180   0.00   0.00   0.00   0
499.98   578.00   14496.77   14496.77   0.50   0.50    89.550   0.00   0.00   0.00   0
178.98   1485.17   13833.86   13833.86   0.50   0.50    -89.880   0.00   0.00   0.00   0
529.82   438.00   13075.32   13075.32   0.50   0.50    89.920   0.00   0.00   0.00   0
1559.98   82.88   13049.24   13049.24   0.50   0.50    89.080   0.00   0.00   0.00   0
551.06   138.98   12968.06   12968.06   0.50   0.50    86.730   0.00   0.00   0.00   0
207.00   540.14   12685.14   12685.14   0.50   0.50    89.730   0.00   0.00   0.00   0
439.26   1464.36   12468.61   12468.61   0.50   0.50    89.280   0.00   0.00   0.00   0
1813.28   451.02   12026.54   12026.54   0.50   0.50    51.670   0.00   0.00   0.00   0
208.59   286.06   11806.88   11806.88   0.50   0.50    -90.000   0.00   0.00   0.00   0
182.75   27.78   11750.06   11750.06   0.50   0.50    -90.000   0.00   0.00   0.00   0
492.23   448.42   11078.94   11078.94   0.50   0.50    -89.990   0.00   0.00   0.00   0
530.33   251.46   11016.69   11016.69   0.50   0.50    47.270   0.00   0.00   0.00   0
1847.78   361.26   10630.31   10630.31   0.50   0.50    90.000   0.00   0.00   0.00   0
1653.64   157.41   10588.99   10588.99   0.50   0.51    39.700   0.00   0.00   0.00   0
1930.40   301.80   10547.36   10547.36   0.50   0.50    -90.000   0.00   0.00   0.00   0
1631.49   1805.23   9879.20   9879.20   1.22   0.83    -46.410   0.00   0.00   0.00   0
1542.59   267.64   9427.70   9427.70   0.50   1.32    -58.480   0.00   0.00   0.00   0
1430.51   1535.48   8945.92   8945.92   0.79   0.99    56.650   0.00   0.00   0.00   0
393.56   1904.70   7676.66   7676.66   0.99   1.51    -27.200   0.00   0.00   0.00   0
1831.71   1474.07   5439.17   5439.17   0.78   1.21    52.110   0.00   0.00   0.00   0
447.55   1534.86   5026.79   5026.79   0.89   1.28    -25.730   0.00   0.00   0.00   0
160.57   1668.64   4257.92   4257.92   0.94   1.61    -30.360   0.00   0.00   0.00   0
151.75   1872.44   3917.98   3917.98   0.97   1.55    -31.760   0.00   0.00   0.00   0
79.00   32.77   3652.57   3652.57   0.50   0.50    89.970   0.00   0.00   0.00   0
1829.78   514.27   3579.35   3579.35   1.29   0.91    -1.300   0.00   0.00   0.00   0
485.82   489.30   3289.13   3289.13   1.20   1.04    7.620   0.00   0.00   0.00   0
531.14   1464.29   3256.35   3256.35   0.80   1.15    -29.750   0.00   0.00   0.00   0
1685.84   1897.42   3237.57   3237.57   0.76   1.27    41.680   0.00   0.00   0.00   0
1831.64   1622.95   2621.03   2621.03   0.76   1.23    47.410   0.00   0.00   0.00   0
475.37   326.58   1905.49   1905.49   1.10   0.99    17.910   0.00   0.00   0.00   0
586.60   1815.27   1675.86   1675.86   1.77   3.84    11.540   0.00   0.00   0.00   0
1718.04   1992.53   1567.18   1567.18   0.92   1.75    13.310   0.00   0.00   0.00   0
586.68   1793.93   1268.94   1268.94   0.79   1.65    -4.760   0.00   0.00   0.00   0
1664.36   1484.09   1053.38   1053.38   0.92   2.20    -0.820   0.00   0.00   0.00   0
1826.49   33.78   1046.71   1046.71   1.71   1.25    21.360   0.00   0.00   0.00   0
467.56   208.95   1041.14   1041.14   1.08   1.03    5.820   0.00   0.00   0.00   0
389.33   1483.90   980.41   980.41   0.97   2.32    -1.400   0.00   0.00   0.00   0
1665.51   320.33   967.25   967.25   1.22   0.92    17.330   0.00   0.00   0.00   0
1415.65   527.50   936.41   936.41   1.01   0.86    7.420   0.00   0.00   0.00   0
305.11   126.17   906.19   906.19   1.36   1.21    -16.030   0.00   0.00   0.00   0
580.32   459.43   768.51   768.51   1.14   0.96    15.740   0.00   0.00   0.00   0
558.31   1936.12   767.45   767.45   0.98   2.16    -2.690   0.00   0.00   0.00   0
1618.71   270.75   765.11   765.11   1.34   1.05    9.570   0.00   0.00   0.00   0
1491.93   1936.35   757.80   757.80   0.98   2.16    2.810   0.00   0.00   0.00   0
1680.11   604.19   682.81   682.81   1.16   0.84    -2.640   0.00   0.00   0.00   0
1846.78   1637.14   669.79   669.79   1.03   2.10    2.080   0.00   0.00   0.00   0
1710.52   1517.79   661.52   661.52   0.77   1.13    48.620   0.00   0.00   0.00   0
208.95   1636.20   661.01   661.01   1.03   2.07    -4.630   0.00   0.00   0.00   0
1511.24   1631.72   657.73   657.73   0.87   1.26    43.800   0.00   0.00   0.00   0
499.80   241.92   642.29   642.29   0.99   2.45    3.790   0.00   0.00   0.00   0
1554.11   237.14   580.28   580.28   0.96   2.59    -2.800   0.00   0.00   0.00   0
321.00   12.68   558.23   558.23   1.36   1.22    -28.080   0.00   0.00   0.00   0
399.39   520.90   557.46   557.46   1.08   0.97    18.690   0.00   0.00   0.00   0
1827.52   159.79   552.85   552.85   1.46   1.09    15.400   0.00   0.00   0.00   0
295.77   1544.99   527.08   527.08   0.91   1.53    -29.720   0.00   0.00   0.00   0
1971.66   1439.69   522.35   522.35   0.81   1.35    55.060   0.00   0.00   0.00   0
97.09   513.36   517.78   517.78   1.27   1.05    8.470   0.00   0.00   0.00   0
139.27   508.54   504.97   504.97   1.05   2.34    3.690   0.00   0.00   0.00   0
1919.75   502.36   504.54   504.54   1.10   2.18    -3.840   0.00   0.00   0.00   0
1983.07   1782.44   434.23   434.23   1.22   3.52    -1.180   0.00   0.00   0.00   0
1462.28   118.05   434.20   434.20   1.01   1.26    -49.610   0.00   0.00   0.00   0
62.28   276.62   407.40   407.40   1.48   1.18    -8.200   0.00   0.00   0.00   0
512.62   481.63   383.77   383.77   0.95   2.31    1.620   0.00   0.00   0.00   0
1541.36   478.10   368.49   368.49   0.96   2.31    -2.110   0.00   0.00   0.00   0
1432.20   602.03   356.59   356.59   0.94   3.44    -2.710   0.00   0.00   0.00   0
296.60   2004.36   331.00   331.00   0.86   1.85    -1.430   0.00   0.00   0.00   0
329.93   1652.52   293.99   293.99   1.06   1.53    -23.570   0.00   0.00   0.00   0
# File created at Fri Apr 17 14:51:21 2026 with IOLaueTools.py
# From: /gpfs/jazzy/data/bm32/inhouse/SOFT/lauetoolsDEV/lauetools/LaueTools/LaueImages/AH12_CMT_r14_0001.tif
# Output Folder: .
# Comments: nb of peaks 71
# Peak Search and Fit parameters
# CCDLabel: sCMOS
# PixelNearRadius : 10
# thresholdConvolve : 500
# IntensityThreshold : 4
# removeedge : 2
# local_maxima_search_method : 3
# boxsize : 15
# position_definition : 1
# verbose : 0
# fit_peaks_gaussian : 1
# xtol : 0.001
# FitPixelDev : 6.0
# return_histo : 0
# write_execution_time : 0
# Data_for_localMaxima : auto_background
# NumberMaxofFits : 5000
# npixels_bandgap : 400
# use_skimage : True
# skimage_minimumdistance : 10
# skimage_intensitythreshold : 4
# skimage_boxsize : 6
# skimage_fitoption : 2
# skimage_mode : single_CPU
# formulaexpression : A-B
# Remove_BlackListedPeaks_fromfile : None
# listrois : None
# PeakSizeRange : (0.65, 3.0)
